31
31
31
31
31
31
31
31
31
31
31
31
31
31
31
31
31
31
31
36
36
36
36
36
36
36
36
36
36
36
36
36
36
36
36
36
36
36
49
49
49
49
49
49
49
49
49
49
49
49
49
49
49
49
49
49
49
62
62
62
62
62
62
62
62
62
62
62
62
62
62
62
62
62
62
62
123
123
123
123
123
123
123
123
123
123
123
123
123
123
123
123
123
123
123
124
124
124
124
124
124
124
124
124
124
124
124
124
124
124
124
124
124
124
312
312
312
312
312
312
312
312
312
312
312
312
312
312
312
312
312
312
312
313
313
313
313
313
313
313
313
313
313
313
313
313
313
313
313
313
313
313
362
362
362
362
362
362
362
362
362
362
362
362
362
362
362
362
362
362
362
365
365
365
365
365
365
365
365
365
365
365
365
365
365
365
365
365
365
365
492
492
492
492
492
492
492
492
492
492
492
492
492
492
492
492
492
492
492
495
495
495
495
495
495
495
495
495
495
495
495
495
495
495
495
495
495
495
612
612
612
612
612
612
612
612
612
612
612
612
612
612
612
612
612
612
612
625
625
625
625
625
625
625
625
625
625
625
625
625
625
625
625
625
625
625
1223
1223
1223
1223
1223
1223
1223
1223
1223
1223
1223
1223
1223
1223
1223
1223
1223
1223
1223
1239
1239
1239
1239
1239
1239
1239
1239
1239
1239
1239
1239
1239
1239
1239
1239
1239
1239
1239
1241
1241
1241
1241
1241
1241
1241
1241
1241
1241
1241
1241
1241
1241
1241
1241
1241
1241
1241
1247
1247
1247
1247
1247
1247
1247
1247
1247
1247
1247
1247
1247
1247
1247
1247
1247
1247
1247
2031
2031
2031
2031
2031
2031
2031
2031
2031
2031
2031
2031
2031
2031
2031
2031
2031
2031
2031
2331
2331
2331
2331
2331
2331
2331
2331
2331
2331
2331
2331
2331
2331
2331
2331
2331
2331
2331
3129
3129
3129
3129
3129
3129
3129
3129
3129
3129
3129
3129
3129
3129
3129
3129
3129
3129
3129
3629
3629
3629
3629
3629
3629
3629
3629
3629
3629
3629
3629
3629
3629
3629
3629
3629
3629
3629
4929
4929
4929
4929
4929
4929
4929
4929
4929
4929
4929
4929
4929
4929
4929
4929
4929
4929
4929
4930
4930
4930
4930
4930
4930
4930
4930
4930
4930
4930
4930
4930
4930
4930
4930
4930
4930
4930
6124
6124
6124
6124
6124
6124
6124
6124
6124
6124
6124
6124
6124
6124
6124
6124
6124
6124
6124
6125
6125
6125
6125
6125
6125
6125
6125
6125
6125
6125
6125
6125
6125
6125
6125
6125
6125
6125
6125
6125
6125
6125
6125
6125
6125
6125
6125
6125
6125
6125
6125
6125
6125
6125
6125
6125
6125
6245
6245
6245
6245
6245
6245
6245
6245
6245
6245
6245
6245
6245
6245
6245
6245
6245
6245
6245
12417
12417
12417
12417
12417
12417
12417
12417
12417
12417
12417
12417
12417
12417
12417
12417
12417
12417
12417
20314
20314
20314
20314
20314
20314
20314
20314
20314
20314
20314
20314
20314
20314
20314
20314
20314
20314
20314
20314
20314
20314
20314
20314
20314
20314
20314
20314
20314
20314
20314
20314
20314
20314
20314
20314
20314
20314
23351
23351
23351
23351
23351
23351
23351
23351
23351
23351
23351
23351
23351
23351
23351
23351
23351
23351
23351
23371
23371
23371
23371
23371
23371
23371
23371
23371
23371
23371
23371
23371
23371
23371
23371
23371
23371
23371
49301
49301
49301
49301
49301
49301
49301
49301
49301
49301
49301
49301
49301
49301
49301
49301
49301
49301
49301
49350
49350
49350
49350
49350
49350
49350
49350
49350
49350
49350
49350
49350
49350
49350
49350
49350
49350
49350
62459
62459
62459
62459
62459
62459
62459
62459
62459
62459
62459
62459
62459
62459
62459
62459
62459
62459
62459
122356
122356
122356
122356
122356
122356
122356
122356
122356
122356
122356
122356
122356
122356
122356
122356
122356
122356
122356
203148
203148
203148
203148
203148
203148
203148
203148
203148
203148
203148
203148
203148
203148
203148
203148
203148
203148
203148
233591
233591
233591
233591
233591
233591
233591
233591
233591
233591
233591
233591
233591
233591
233591
233591
233591
233591
233591
493019
493019
493019
493019
493019
493019
493019
493019
493019
493019
493019
493019
493019
493019
493019
493019
493019
493019
493019
