123
123
123
123
123
123
123
123
123
123
123
123
123
123
123
123
123
123
123
124
2031
31
612
49
2331
36
62
4930
1223
1241
20314
312
6125
492
23351
362
6245
49301
1239
1247
20314
313
6124
495
23371
365
625
49350
122356
12417
203148
3129
6125
4929
233591
3629
62459
493019
124
2031
31
612
49
2331
36
62
4930
1223
1241
20314
312
6125
492
23351
362
6245
49301
1239
1247
20314
313
6124
495
23371
365
625
49350
122356
12417
203148
3129
6125
4929
233591
3629
62459
493019
124
2031
31
612
49
2331
36
62
4930
1223
1241
20314
312
6125
492
23351
362
6245
49301
1239
1247
20314
313
6124
495
23371
365
625
49350
122356
12417
203148
3129
6125
4929
233591
3629
62459
493019
124
2031
31
612
49
2331
36
62
4930
1223
1241
20314
312
6125
492
23351
362
6245
49301
1239
1247
20314
313
6124
495
23371
365
625
49350
122356
12417
203148
3129
6125
4929
233591
3629
62459
493019
124
2031
31
612
49
2331
36
62
4930
1223
1241
20314
312
6125
492
23351
362
6245
49301
1239
1247
20314
313
6124
495
23371
365
625
49350
122356
12417
203148
3129
6125
4929
233591
3629
62459
493019
124
2031
31
612
49
2331
36
62
4930
1223
1241
20314
312
6125
492
23351
362
6245
49301
1239
1247
20314
313
6124
495
23371
365
625
49350
122356
12417
203148
3129
6125
4929
233591
3629
62459
493019
124
2031
31
612
49
2331
36
62
4930
1223
1241
20314
312
6125
492
23351
362
6245
49301
1239
1247
20314
313
6124
495
23371
365
625
49350
122356
12417
203148
3129
6125
4929
233591
3629
62459
493019
124
2031
31
612
49
2331
36
62
4930
1223
1241
20314
312
6125
492
23351
362
6245
49301
1239
1247
20314
313
6124
495
23371
365
625
49350
122356
12417
203148
3129
6125
4929
233591
3629
62459
493019
124
2031
31
612
49
2331
36
62
4930
1223
1241
20314
312
6125
492
23351
362
6245
49301
1239
1247
20314
313
6124
495
23371
365
625
49350
122356
12417
203148
3129
6125
4929
233591
3629
62459
493019
124
2031
31
612
49
2331
36
62
4930
1223
1241
20314
312
6125
492
23351
362
6245
49301
1239
1247
20314
313
6124
495
23371
365
625
49350
122356
12417
203148
3129
6125
4929
233591
3629
62459
493019
124
2031
31
612
49
2331
36
62
4930
1223
1241
20314
312
6125
492
23351
362
6245
49301
1239
1247
20314
313
6124
495
23371
365
625
49350
122356
12417
203148
3129
6125
4929
233591
3629
62459
493019
124
2031
31
612
49
2331
36
62
4930
1223
1241
20314
312
6125
492
23351
362
6245
49301
1239
1247
20314
313
6124
495
23371
365
625
49350
122356
12417
203148
3129
6125
4929
233591
3629
62459
493019
124
2031
31
612
49
2331
36
62
4930
1223
1241
20314
312
6125
492
23351
362
6245
49301
1239
1247
20314
313
6124
495
23371
365
625
49350
122356
12417
203148
3129
6125
4929
233591
3629
62459
493019
124
2031
31
612
49
2331
36
62
4930
1223
1241
20314
312
6125
492
23351
362
6245
49301
1239
1247
20314
313
6124
495
23371
365
625
49350
122356
12417
203148
3129
6125
4929
233591
3629
62459
493019
124
2031
31
612
49
2331
36
62
4930
1223
1241
20314
312
6125
492
23351
362
6245
49301
1239
1247
20314
313
6124
495
23371
365
625
49350
122356
12417
203148
3129
6125
4929
233591
3629
62459
493019
124
2031
31
612
49
2331
36
62
4930
1223
1241
20314
312
6125
492
23351
362
6245
49301
1239
1247
20314
313
6124
495
23371
365
625
49350
122356
12417
203148
3129
6125
4929
233591
3629
62459
493019
124
2031
31
612
49
2331
36
62
4930
1223
1241
20314
312
6125
492
23351
362
6245
49301
1239
1247
20314
313
6124
495
23371
365
625
49350
122356
12417
203148
3129
6125
4929
233591
3629
62459
493019
124
2031
31
612
49
2331
36
62
4930
1223
1241
20314
312
6125
492
23351
362
6245
49301
1239
1247
20314
313
6124
495
23371
365
625
49350
122356
12417
203148
3129
6125
4929
233591
3629
62459
493019
124
2031
31
612
49
2331
36
62
4930
1223
1241
20314
312
6125
492
23351
362
6245
49301
1239
1247
20314
313
6124
495
23371
365
625
49350
122356
12417
203148
3129
6125
4929
233591
3629
62459
493019
